cajonesOF 27.588 0.2 5.596 0 0 0 0.24 0.24 0.24 0
sarcofago 43.235 -0.1 12.691 0 0 0 1.26 1.06 0.93 1
warning 39.993 0.2 20.866 -89 -180 -0.5 1.41 0.95 1.57 1
tesla 47.95 -0.5 14.4 -88 0 0 0.15 0.12 0.09 1
reactor 43.163 -0.55 19.211 0 0 0 1 1 1 1
panelControl 48.35 -0.5 17.45 -91 0 -180 0.45 0.49 0.18 1
reactorControl 40.613 -0.2 17.77 -90 0 -147.5 0.89 0.73 0.28 1
esquineros 48.521 -0.5 12.504 0 -52 0 0.89 0.75 0.81 1
esquineros2 48.283 -0.5 20.301 -2.5 -144 -0.5 0.89 0.76 0.61 1
esquineros3 34.683 -0.5 12.581 -0.5 56 -0.5 0.89 0.76 0.86 1
esquineros4 34.833 -0.55 20.451 0.5 120 -0.5 0.89 0.76 0.61 1
cajonesOF 15.838 0.2 5.846 0 0 0 0.24 0.24 0.24 0
cables_piso 36.137 -0.45 16.782 -88.5 -7 -61 0.01918 0.01918 0.01918 0
cables_piso 36.522 -0.45 16.109 -92 1 -6 0.019 0.019 0.019 0
cables_techo 35.1393 0.25 13.604 0 0 0 0.019 0.019 0.019 0
cables_techo 43.439 0.45 16.254 0 0 0 0.019 0.019 0.019 0
cables_techo 41.489 0.7 19.354 0 0 0 0.019 0.019 0.019 0
cables_techo 47.489 0.45 13.004 0 95.5 0 0.019 0.019 0.019 0
barra 44.091 -0.3 20.35 0 -23.5 -1 0.04 0.03 0.05 1
barra 44.341 -0.3 19.35 0 -2.5 1 0.04 0.03 0.05 1
barra 43.991 -0.3 18.3 0 37 2.5 0.04 0.03 0.05 1
barra 43.191 -0.3 17.95 0 84.5 2.5 0.04 0.03 0.05 1
barra 42.391 -0.3 18.25 0 122 2.5 0.04 0.03 0.05 1
barra 42.091 -0.3 19 0 180 2.5 0.04 0.03 0.05 1
barra 42.291 -0.3 19.95 0 21.5 2.5 0.04 0.03 0.05 1
cables_piso 37.087 -0.45 18.232 -88.5 -7 -61 0.01918 0.01918 0.01918 0
cables_piso 35.087 -0.45 18.132 -88.5 -7 -61 0.01918 0.01918 0.01918 0
cables_techo 36.439 0.25 18.204 0 43.5 0 0.019 0.019 0.019 0
cables_techo 38.889 0.45 13.604 0 0 0 0.019 0.019 0.019 0
logo 39.8328 0.25 11.85 0 -0.5 180 0.599 0.139 0.01 1
logo2 39.68 0.3 21.156 174 87 96 0.001 0.005 0.001 1
logo2 37.28 0.25 21.166 180 -88.5 91.5 0.001 0.005 0.001 1
